8450
1 4205
6 4205
4 0
2 4205
1 4784
6 4784
1 2133
1 9043
5 2133
1 355
5 2133
4 0
1 7679
4 1
6 7679
4 3
3 4784
1 3266
2 7679
6 4784
1 7585
1 8589
3 7585
6 4784
6 2133
1 1901
1 3543
2 9043
1 3881
1 7391
2 7391
2 4784
5 3266
3 7585
3 1901
3 1901
2 8589
1 3540
2 3881
1 49
3 3543
1 6004
2 7585
1 5452
1 1976
2 49
4 7
2 6004
5 1901
1 1101
2 3540
1 8587
1 5763
2 5452
1 2316
3 8587
6 2133
5 5763
1 4951
3 1101
1 1951
4 11
1 9002
3 355
5 8587
3 9002
4 7
4 5
2 1951
1 2066
5 2133
2 1976
2 2066
1 9834
1 378
3 9834
1 5394
1 7445
4 2
1 2819
1 7451
2 8587
2 7445
5 9834
6 378
4 2
1 4591
1 6293
4 8
1 9216
5 3543
4 10
5 7451
1 606
2 4951
1 5374
1 5053
1 8739
6 8739
1 9610
3 9216
1 1569
1 4703
1 3436
1 7912
5 5763
4 7
1 8076
1 1322
1 8321
1 5966
2 7912
1 3895
1 9609
1 4224
4 3
2 6293
1 7941
1 3508
1 6065
1 6638
6 6638
4 23
1 6091
5 5374
1 7091
6 3508
4 9
1 1055
2 3895
2 3266
1 2101
1 7177
3 4703
1 5057
2 7177
6 5374
1 1139
1 8106
6 1901
3 9609
2 3508
1 1965
5 1055
2 606
1 4058
1 7109
2 1965
5 355
3 8739
3 9609
4 8
1 1156
6 8106
1 8044
1 1676
1 205
1 4560
2 5763
4 8
4 0
1 2302
3 6065
2 7109
6 6091
1 1185
2 8321
5 1156
6 5053
5 3543
1 2915
1 9446
1 1627
3 5966
1 6613
1 3850
1 7162
2 7091
1 3416
1 6297
6 2302
1 6078
1 146
1 7049
1 613
1 4984
3 3543
6 4591
2 5394
5 3416
2 1185
2 8106
1 478
1 3838
1 8925
1 7584
5 4224
2 3436
3 2819
1 9252
1 9062
1 4063
2 146
6 6613
1 5235
1 8634
5 3850
4 48
2 1627
6 1139
1 4185
1 3873
1 6179
1 2227
1 2268
1 7349
3 1055
5 8044
1 2208
1 4587
1 1957
2 3873
1 5424
2 378
2 9609
6 613
2 9002
3 9610
1 3804
2 4058
6 5374
6 5235
1 6157
1 7996
1 9348
6 8925
1 6522
1 8296
1 8403
6 4587
2 9348
1 25
2 6638
1 6367
3 9610
4 54
2 5057
4 20
6 7941
1 3482
1 962
6 7996
5 2268
4 27
1 6741
1 4063
5 2101
1 5267
2 4587
1 917
2 8044
1 7590
2 7996
5 8076
1 9855
1 6205
1 2270
1 7460
1 626
3 3482
3 8076
4 54
4 47
2 7941
2 917
6 8296
5 205
1 9823
3 6157
5 1139
6 2819
5 355
1 8843
3 8843
5 9446
1 2394
4 3
4 20
6 2394
3 6205
4 64
1 3745
1 5828
6 3416
4 8
2 4224
6 8076
1 6963
6 2316
3 8843
1 7976
2 8739
5 4560
6 3804
1 2588
1 7501
1 6012
2 4560
6 8634
4 78
4 78
1 3161
1 5343
6 7049
1 6969
1 3966
2 613
1 1138
1 5690
1 7243
2 6065
5 5828
1 6028
4 26
3 626
3 4063
3 7501
4 57
2 8296
1 30
5 7584
1 3313
1 9903
6 6028
2 2227
2 1101
3 3966
4 48
1 7267
2 1957
1 6018
2 6963
3 7049
1 8815
2 3543
2 8925
5 6028
1 9031
4 2
1 2931
3 6969
5 3482
1 4978
6 3161
1 4390
3 5343
4 32
1 2864
2 9252
1 737
2 1901
1 6109
2 6157
1 5909
5 1156
6 7267
1 5666
3 7590
1 1947
1 6867
4 84
4 78
4 61
6 2394
5 3838
2 3313
5 8403
6 8815
1 7861
4 30
3 1138
5 9062
1 9495
1 4354
3 1139
1 1207
4 89
3 9216
1 5737
3 6205
1 5575
2 6367
1 4173
1 9921
3 2915
3 1055
1 1418
1 7427
1 1310
5 1156
1 8840
2 8840
1 3226
3 3838
1 7415
3 30
2 1418
2 2316
4 44
2 2915
1 2724
2 626
5 9610
1 687
1 1740
1 7890
4 7
3 1156
1 1683
1 4470
6 9823
2 3966
2 7243
1 6352
2 2864
2 2268
2 6613
5 6109
2 9903
1 3845
2 6018
1 1558
3 6078
5 4470
1 9754
1 4066
4 29
3 7451
6 3850
5 5374
6 25
1 2397
1 9032
2 7976
1 1780
5 205
1 6522
1 6532
1 7018
1 868
1 2965
1 6595
3 2101
4 31
4 45
1 9016
4 20
1 7351
2 1558
6 5424
1 9108
1 1952
1 9603
3 5966
2 1683
2 2302
3 9495
1 3422
4 67
2 6012
1 7042
2 6179
3 7890
5 6028
1 5954
3 4063
1 3348
1 6653
3 478
1 8744
5 205
6 4063
5 9216
3 4354
1 9315
2 8815
4 68
6 7042
3 5267
1 5624
3 2394
4 28
5 2965
2 6522
2 3161
2 5575
5 2270
2 3838
1 4451
1 1378
3 5737
3 9823
1 3850
5 30
1 1169
3 1676
1 6946
1 9312
1 4149
4 25
1 4739
1 1104
2 9031
1 7396
6 3416
6 2931
1 6864
1 9805
1 6641
4 87
1 8437
1 6175
1 292
2 5424
5 2931
6 2931
1 1678
1 8612
1 2623
5 2133
1 7132
1 4540
1 3181
3 6109
4 82
3 5966
2 9754
3 6297
4 127
1 5313
1 676
2 7267
1 1102
2 4591
1 4674
5 8437
1 3839
3 9016
3 4470
1 1957
6 1678
1 3759
1 384
2 6078
1 2192
3 3850
1 8624
2 4540
5 6741
1 4195
2 1207
1 5365
5 4063
4 25
6 962
2 8843
5 1055
1 4950
1 9647
1 4071
5 4984
1 3776
1 9300
5 9315
6 3745
5 2623
1 9735
1 3222
1 5656
1 2316
5 9823
2 8076
1 8144
2 6741
1 8230
6 3745
1 321
6 6109
3 6864
4 88
5 4185
5 6864
2 9834
3 6205
5 7049
1 2340
1 8430
1 3473
2 1740
1 7426
4 84
4 5
2 2101
1 3871
1 2787
2 9805
1 6722
2 2316
2 6522
6 5267
1 7263
2 1156
1 7717
1 2822
1 4794
1 6110
6 9312
3 25
1 8968
6 5365
6 7426
4 40
4 46
2 6595
1 5046
5 9315
1 1752
5 5235
5 6722
2 6722
1 1851
1 8504
2 3226
1 7432
1 4472
6 4703
1 3282
1 4255
1 538
1 9783
2 6091
1 2203
2 5313
1 7296
2 6352
4 49
1 2117
3 8144
1 5846
2 4794
3 4173
4 164
1 8713
3 4066
5 2192
3 7501
1 3184
1 3440
1 5751
4 170
1 845
3 2931
2 9603
1 2633
1 7803
1 7039
1 9476
3 4451
3 4063
5 3348
1 971
1 875
1 1914
2 1914
5 9855
4 150
1 8228
1 8330
1 6338
1 8007
6 3745
1 3956
4 88
2 1322
3 2633
3 292
1 26
1 7899
6 4149
6 5846
6 1169
6 321
1 1656
1 6315
1 3997
5 6969
4 45
1 3611
1 3829
3 5374
6 1957
4 49
1 8231
1 5522
1 3758
5 6338
2 4703
5 5365
4 59
3 9312
6 478
1 4372
1 1589
1 4630
1 352
2 5690
2 9735
1 8767
1 3270
1 2199
2 3850
2 6946
5 8231
1 3572
2 9312
1 250
3 845
5 2965
1 8942
1 8715
1 1116
5 8231
2 1569
2 8713
1 6988
1 3036
1 8916
5 2208
4 21
4 112
4 93
1 6368
1 8257
5 5828
1 8182
1 7853
1 6510
5 687
3 5343
1 7303
2 321
1 7398
1 9763
1 2397
5 3759
1 477
5 9016
5 9016
5 1378
6 8230
5 4739
4 64
1 9817
3 1752
1 4649
2 9108
1 3274
5 6653
1 7519
1 5757
1 9118
1 2120
1 6187
6 1589
4 205
4 159
2 2819
5 1104
1 4449
1 5905
6 1752
6 8430
1 3883
6 1851
2 7132
1 3675
1 461
1 2812
3 1752
3 1780
1 9165
1 6982
1 5550
4 200
3 461
4 24
5 477
1 920
1 530
2 7426
1 5101
2 8403
1 3575
6 9032
1 3517
4 201
1 2327
1 6330
1 266
4 82
1 5466
1 3027
1 5824
2 2340
3 2397
1 9500
4 125
6 7162
1 4880
1 4530
1 5745
4 71
2 266
1 828
1 824
2 4071
2 8007
3 9495
2 3829
5 4372
2 3845
2 3758
2 7263
4 109
6 6867
5 9016
1 6279
2 1676
1 2140
6 4470
1 7581
3 9855
3 687
1 2690
5 4984
3 5343
4 175
1 1491
1 3015
6 6982
6 3473
3 2120
2 8612
1 5725
2 5522
1 6284
1 6078
2 3850
1 6576
2 868
1 5630
5 6982
6 9783
1 5501
2 9495
1 5762
1 5569
2 9062
6 5757
2 3282
1 7603
6 8715
4 143
4 12
2 6187
2 292
2 2327
1 2896
2 5954
5 4255
6 530
2 3348
5 2270
1 2657
6 1102
3 7590
2 4255
1 2536
2 7049
1 6387
1 3587
3 8634
1 8554
1 4601
1 1300
2 5046
5 1851
1 4536
1 7458
5 3675
1 6288
5 3270
5 7584
1 8063
2 3759
2 9783
5 6338
1 1086
3 1780
1 7524
1 1961
4 24
1 3761
1 8304
6 7303
1 2859
2 1957
6 1055
2 3572
1 8141
2 3473
2 2787
1 4204
5 2896
3 26
3 6109
5 6338
2 7519
1 314
1 9786
2 8182
5 5656
5 6330
6 477
1 2037
3 3482
1 6366
1 1671
2 5656
6 205
1 7551
1 7136
1 9800
2 7581
1 6251
1 7724
2 6205
6 6867
1 8628
5 6387
3 2690
1 5534
1 2196
1 9152
4 244
1 783
2 1491
1 7433
5 7136
3 3015
2 4674
5 8228
1 8814
1 1010
5 7432
1 5570
1 8305
1 5032
6 5365
1 8254
5 7853
3 9817
2 2931
5 5666
3 7162
1 2632
3 7603
1 3478
3 2588
4 150
1 8003
1 4138
6 4066
1 9257
6 5630
1 2982
1 2302
1 8348
4 222
2 4601
1 557
3 6982
1 2206
1 5637
1 4152
4 104
2 9016
1 4386
4 122
1 7748
6 3761
2 4472
1 5206
1 269
1 6540
1 99
2 6297
1 9420
1 2971
2 7018
1 611
1 7968
2 8744
1 2895
1 5289
1 7822
1 39
1 480
1 2216
3 2192
1 6917
4 49
6 250
2 2270
1 9397
2 4063
2 2623
4 41
1 1711
2 971
5 6338
6 4185
1 2743
4 248
4 229
2 3761
4 166
4 89
6 5737
4 111
2 1116
1 2542
5 6387
3 6653
2 2822
2 9032
5 1752
5 557
3 7039
3 9763
4 213
3 2140
5 3997
1 6091
1 8654
2 7303
2 2140
1 3506
1 3318
4 53
5 3804
1 2965
4 261
1 9165
1 6380
3 824
1 6301
1 858
6 1752
2 7415
1 3782
6 6917
1 5369
4 87
5 205
1 175
2 2632
1 7626
1 5874
3 1139
3 5343
4 10
1 6620
2 384
2 4950
1 3010
1 9117
3 538
1 1167
1 5092
4 13
1 595
1 7524
4 1
1 3600
5 2633
5 355
3 8257
5 8814
1 3807
2 3997
1 3647
2 352
3 6330
4 177
1 4697
2 355
1 8576
4 149
3 5569
3 8942
3 6387
1 3851
1 7498
6 3575
3 845
4 61
6 8228
5 7042
2 9800
1 6129
4 48
2 9315
5 6028
2 3015
3 9257
6 2196
6 8437
2 6368
1 3432
1 9402
2 3871
2 2216
6 4978
1 2815
1 4262
2 875
1 8450
1 5440
1 2376
1 5956
1 9016
1 4962
6 1589
1 2185
4 188
1 1606
1 732
1 571
4 199
1 3639
2 6279
1 7511
1 3437
5 4880
6 8330
1 1752
1 3918
1 4857
6 9118
2 8916
1 3707
2 7296
6 4470
2 7458
6 5637
6 8063
2 39
1 6377
6 2859
1 9161
3 5092
5 4470
2 9161
1 7148
4 189
4 85
6 8254
3 4149
2 4739
1 8259
1 7164
1 2563
3 3422
1 7009
1 7380
2 7162
1 3089
5 7460
1 3922
6 7822
1 4941
3 5374
2 4066
6 9257
1 4277
1 4699
1 1850
1 2990
1 75
4 121
2 858
5 783
5 2376
2 9855
2 1711
1 2568
3 7890
1 3736
6 5466
1 9224
1 3781
1 8299
2 2896
4 216
6 477
1 3070
3 4630
1 5278
6 9647
1 9754
5 9224
6 2815
5 4536
5 30
1 4526
1 6319
1 6212
1 9399
1 6996
4 244
4 42
2 2196
6 824
2 3707
3 5206
3 4277
5 1104
6 8254
1 9903
1 5689
1 3992
1 5416
4 127
1 371
2 845
1 4567
6 8715
6 8259
4 106
2 9500
1 1473
1 9847
1 2588
4 275
1 9029
2 3611
5 8003
1 663
2 5466
6 5757
3 2397
2 7351
5 7590
1 4506
1 18
3 2965
2 4386
2 3437
4 235
1 8965
1 2634
6 7349
2 1851
1 6191
3 732
1 7370
4 303
3 8304
3 3647
3 5630
1 4502
1 715
5 1947
2 9117
3 6091
1 943
4 103
1 3957
1 4852
5 557
3 4857
4 3
6 1752
2 9257
1 8454
4 15
1 633
2 4277
1 1860
1 1924
1 8182
1 870
1 9567
2 8144
1 6827
1 1099
1 7609
3 1169
4 70
2 8330
1 9899
6 2208
2 9823
1 6381
1 475
1 4951
1 9705
1 8477
3 1310
1 5783
6 6078
1 1031
4 198
6 3070
6 1300
2 9567
1 6996
2 2588
4 41
2 3440
1 8516
1 8151
2 1104
1 3464
4 179
1 1970
1 8067
1 5517
1 1063
1 3767
3 8624
5 5737
2 9647
5 8299
3 2542
1 7102
4 29
1 9210
3 5101
5 6864
2 5416
6 8715
1 9405
6 4530
4 322
6 9397
4 22
5 1086
5 4649
3 6191
6 6301
1 863
5 3807
1 4659
4 85
1 7852
6 5570
3 8437
2 5369
2 633
1 356
3 7432
2 3647
3 7460
1 4085
4 338
1 1785
1 2780
4 92
2 3782
5 1139
1 9933
3 962
3 3776
1 7680
2 269
3 9933
5 4536
2 5725
3 1031
1 153
5 4195
4 150
2 3957
3 18
4 92
5 2536
3 3270
6 1947
2 5101
2 9899
5 1752
2 7380
1 435
1 3141
2 4857
1 2709
2 3600
1 5385
3 595
2 5343
5 5235
1 2465
1 1343
6 5737
6 3422
1 4760
3 1656
3 7009
1 2806
1 6149
6 8504
1 879
3 9224
1 2950
1 3198
4 183
3 9817
5 478
1 2025
5 4649
5 7524
1 1928
4 327
5 7551
2 6366
2 8504
2 5517
2 9405
1 2752
5 6110
6 7433
1 815
1 7154
1 1946
1 115
6 8228
1 883
2 5846
5 5278
1 1097
2 9610
1 4395
1 3517
1 8615
5 1010
1 4333
1 6962
3 6251
1 3730
5 1300
2 3027
1 9545
2 1310
3 6251
1 9565
2 6969
6 4262
6 7396
1 4061
6 8454
1 4090
1 9071
1 2615
3 6387
1 6724
4 236
4 153
1 7256
6 5630
1 1942
3 8767
2 8654
1 9976
3 4395
4 96
4 235
1 2422
4 116
2 8348
2 2208
3 687
1 1633
4 36
1 9374
6 2815
1 3810
2 4138
2 2397
4 366
1 4097
2 7460
1 4375
1 8152
6 8182
1 7003
6 863
2 7102
6 5630
1 7792
4 203
2 3416
2 611
2 435
2 7609
2 8477
5 3810
6 7427
4 329
1 1586
1 1072
4 175
3 5783
1 9117
2 6288
1 120
1 7613
4 85
2 9786
6 4390
1 193
6 7899
2 3422
1 4990
4 263
3 2633
1 7847
2 6330
6 3222
1 31
2 7890
3 557
3 4962
2 2206
1 4294
6 6576
2 5235
3 115
4 329
2 1785
1 7489
4 171
2 5092
1 1311
5 5751
3 99
1 7696
3 1063
1 5816
6 2133
4 118
2 7803
3 9152
2 4978
3 8965
1 430
1 8177
1 7390
3 6641
1 1837
3 8628
6 4449
1 5717
4 340
3 3883
5 3222
1 9797
1 5402
1 2626
4 31
2 5737
1 5683
2 9071
1 7060
4 99
3 7009
2 1167
3 314
1 7808
4 113
1 7149
1 4563
6 4506
5 2117
2 5289
6 3956
6 3464
5 8576
1 881
1 6231
1 3233
1 7914
5 3036
1 5208
5 8624
3 6377
6 461
1 531
5 6864
3 8576
1 7712
2 5666
3 6996
1 44
4 265
2 2120
1 4219
1 322
6 595
1 783
1 8688
1 5846
5 7899
3 9903
1 6847
1 2315
2 3781
6 5874
3 1378
1 8377
4 234
2 6867
1 7769
5 9976
6 3851
3 6510
1 6047
4 96
1 9890
1 5818
6 371
6 9545
2 6175
3 6724
2 3804
1 3056
5 7822
5 8454
3 1343
1 7543
5 9565
1 8591
2 9420
5 4962
2 5032
1 8583
6 8230
3 7501
1 4460
2 9933
6 8624
2 1072
2 7968
2 5966
5 322
5 322
4 241
5 4941
5 1311
1 3485
2 3736
3 6724
2 18
3 1952
4 250
1 1829
4 215
1 1452
3 663
1 7219
6 5757
1 9947
1 5335
1 9094
4 183
1 621
5 9300
4 193
2 7511
1 3140
6 1829
3 4659
1 6786
3 4449
1 2499
4 406
1 9071
1 1380
1 6582
6 4395
5 7822
6 5550
4 403
1 841
1 3568
1 6914
2 7626
3 7724
1 9541
1 1123
1 2956
1 5380
5 1300
5 2859
4 282
1 9077
1 9414
1 6563
2 1829
6 4449
4 280
2 9094
1 3801
5 9165
4 221
1 6794
2 4063
2 5909
4 123
6 530
6 3575
1 5062
4 29
2 1606
1 3572
6 4941
5 2465
2 879
1 3102
4 225
6 5751
6 7039
1 6172
2 3568
1 4129
6 153
1 6492
2 2037
4 379
2 3010
1 6180
3 6180
1 6693
6 1097
2 477
6 5380
6 2859
1 7043
2 7712
1 9113
5 863
5 530
6 5385
3 6988
1 2553
5 4149
1 4127
3 3318
2 5534
5 8968
2 9216
1 998
1 3573
6 4375
2 2709
1 6274
4 22
1 2854
2 863
2 4630
1 1565
4 36
2 6191
1 3244
2 3992
2 1752
2 9152
3 120
5 3056
5 3922
2 1589
4 415
5 371
4 104
6 6172
1 7082
2 4390
1 7771
2 6231
2 5745
5 6532
6 7792
1 1020
1 6779
2 6540
6 2133
2 8067
4 298
2 4173
3 2690
1 1420
1 6000
1 3841
2 7154
6 2376
6 7219
1 2652
2 5905
1 4779
1 5484
2 2752
2 6653
4 338
4 281
6 1952
5 6212
1 7704
6 3141
6 250
2 6779
6 2982
5 4262
2 9847
5 6864
1 641
1 192
2 193
2 6532
5 557
1 9326
2 5374
3 1010
3 4941
2 7042
5 5501
4 391
4 198
2 9545
2 3070
5 8177
4 323
1 4204
1 8170
1 1559
2 7899
1 8463
4 162
2 44
1 6857
1 3357
4 159
1 1340
3 5570
4 132
4 146
1 8775
4 57
2 6078
3 2895
1 9940
1 9016
5 7396
3 2743
3 3675
4 63
1 3811
3 4333
2 2990
2 6492
4 237
4 77
1 2025
6 7039
1 2220
4 129
4 295
2 3639
1 6856
4 169
2 6129
3 7914
5 4375
1 6237
3 7524
3 3573
3 870
2 475
3 6377
4 364
1 4312
6 4129
2 7771
1 8805
2 5208
1 1624
5 2626
1 9469
6 25
1 6002
3 7451
2 2133
1 3258
6 8257
1 4976
1 8576
2 9374
2 4563
1 800
2 4470
5 9326
3 4354
2 7724
6 7603
1 8719
2 6510
2 2185
6 6180
2 461
1 8444
5 5335
1 2936
1 1868
5 6996
1 7694
1 3157
2 7524
6 1138
5 5762
6 1340
1 5396
1 617
3 4941
1 2512
4 405
4 277
2 7822
1 5012
1 5531
4 331
2 8767
2 5380
1 4982
3 9016
2 1380
5 3233
2 3036
2 920
6 5440
2 1970
1 1815
6 7696
1 705
2 815
4 61
5 8454
5 9921
2 7847
1 8450
1 5965
5 7009
1 3327
1 3520
1 2721
1 9485
2 7164
2 8516
1 678
6 3357
3 4129
5 4779
4 6
2 9947
2 9071
2 7914
1 4292
4 47
2 4204
1 3711
6 7501
2 2397
4 304
6 7524
2 8170
3 4984
2 8437
2 1343
1 3423
4 38
6 6377
1 8708
6 6274
2 8463
1 6522
1 3428
6 9565
1 9889
2 1947
1 8047
2 2465
1 2839
1 8873
1 2073
6 2956
5 7396
2 7808
5 783
1 7187
2 5206
1 7346
5 870
2 2376
6 2117
6 9414
3 7853
2 7187
1 4217
5 9399
1 9828
5 2724
5 943
1 853
1 3721
2 371
3 8715
1 140
2 8230
4 194
2 2839
4 145
2 1961
3 841
1 8740
1 9689
1 6663
1 9493
1 6884
2 1123
2 4061
1 6064
2 7082
4 191
2 5818
1 9552
6 6338
1 6883
5 7349
2 7432
5 430
6 7792
1 4214
6 2025
5 3157
4 164
1 5442
1 5435
6 3767
3 7060
2 3811
5 8576
1 8735
2 9565
4 117
3 4530
5 4502
2 6380
1 8085
1 5159
1 2349
1 4596
1 5868
1 521
1 804
1 8890
4 209
3 4976
2 870
4 119
6 3482
1 9259
1 1447
2 5442
3 1010
1 430
5 5637
3 5440
6 3883
5 6857
3 998
6 8047
1 701
1 901
6 7149
1 2512
1 8444
6 9890
4 379
1 1622
1 5491
6 4567
6 5440
6 5569
4 202
5 617
1 2795
6 7543
2 2536
5 1815
2 4659
1 6873
1 4858
1 3577
5 8141
1 4178
4 197
1 6953
2 2743
2 7370
5 9300
1 94
4 300
4 292
4 255
5 5062
3 3141
5 7427
1 8483
4 357
1 5775
2 6786
1 4592
2 6857
6 5717
5 6212
4 261
1 4560
2 6180
1 7405
3 2199
1 9523
2 4312
2 1055
1 3626
6 6563
3 6884
4 119
6 6002
3 1815
4 360
1 4768
1 9092
5 2859
1 8527
3 617
1 3625
1 8059
2 6064
5 6251
1 6053
4 65
2 6962
1 6796
2 6917
6 356
1 5474
1 6476
2 205
2 4372
2 7039
1 7969
3 6724
1 7835
1 5473
2 881
3 6476
2 2724
3 1063
3 6522
5 1924
1 9354
1 2711
2 3102
5 7398
2 7524
2 3767
5 9224
2 8624
1 3607
1 6574
2 6315
1 6802
2 9224
1 5293
3 1340
2 2315
2 7852
2 8182
4 366
1 4637
2 841
4 370
2 5293
1 7384
1 4419
1 6892
5 1565
3 7433
1 1470
5 4530
1 2244
1 4891
1 3823
6 3883
4 204
5 7590
1 6169
1 6103
1 8224
4 340
2 8430
1 4894
5 7613
2 687
6 5474
2 6103
1 6494
1 1157
5 250
1 5595
2 3841
1 590
1 2482
1 3312
3 6110
1 993
1 300
5 3184
1 9188
2 783
1 6366
2 2512
1 2807
1 4331
2 737
1 7217
6 120
6 8873
2 4592
4 380
1 2672
3 7748
1 465
1 8368
6 2499
1 4785
6 663
2 538
3 3801
3 9705
3 3222
6 7696
2 6338
6 9903
3 9077
1 699
5 7346
1 130
2 3233
2 7590
3 4768
2 2302
1 3490
3 8483
1 6841
1 6074
1 244
6 7694
1 1236
1 1225
4 47
2 4375
5 6172
1 8221
2 130
2 4292
1 4728
1 4481
5 2721
1 6412
2 4951
1 7708
2 2982
1 5499
1 6005
2 1656
5 521
1 9924
4 117
1 3850
6 3850
1 2263
3 6841
2 3607
1 3740
5 3056
4 299
1 9993
1 7587
6 2780
1 7107
1 703
1 8198
1 2794
2 4526
2 5874
4 406
2 5501
1 4209
5 2025
2 3572
2 9797
2 8873
2 8141
1 8194
4 79
4 436
6 699
1 2406
2 7680
4 453
1 4121
1 5690
5 8198
5 4699
4 296
2 4127
1 5426
6 6892
3 5683
1 3723
1 9146
5 99
2 9689
3 2965
2 7405
2 6988
2 9705
6 2657
5 5828
5 7792
4 83
2 115
1 3122
6 30
4 421
2 8576
1 4833
1 18
3 2652
3 2780
6 2634
4 456
1 5553
6 824
1 3276
2 9493
4 77
1 1837
2 4354
1 1830
2 1952
5 9976
5 1340
2 6641
5 7543
2 2553
2 9476
1 3106
6 5385
2 6802
1 3254
1 884
1 2793
5 7861
4 477
4 61
2 7543
1 827
1 2746
4 243
1 3547
5 5690
4 273
6 1020
1 3328
1 8434
2 3517
1 9017
1 9807
5 7433
1 2945
6 6366
5 4962
6 8615
1 9428
1 6946
5 8814
2 6237
1 2103
6 6000
1 6634
2 2626
6 8450
4 105
1 3208
2 1311
5 4460
1 800
2 5816
1 2285
1 557
3 1633
3 7969
2 5637
1 3777
1 4394
4 225
6 1452
1 9239
1 9363
6 2349
3 557
5 3587
1 7326
2 4567
1 3735
1 9720
1 700
1 6460
1 8066
6 1452
6 8047
3 1225
1 5693
1 1755
2 7769
2 3573
2 2780
1 1877
1 7231
1 9006
2 3740
1 714
4 440
2 30
4 112
5 998
1 9945
5 6381
5 6028
1 9423
1 3368
5 3956
1 7584
2 5569
1 1895
5 8368
2 1860
1 6246
1 7209
1 3797
2 4982
1 2329
3 3089
5 9210
1 1182
5 5693
4 95
1 7561
6 4560
2 8063
2 5828
1 3623
1 3193
1 8560
2 5365
2 7696
5 2795
1 1112
6 557
1 1083
2 6381
2 1624
6 6053
3 1942
1 7206
4 487
1 3712
2 8805
3 8591
4 196
6 9402
1 1169
1 6820
2 6563
2 9940
6 9259
1 8768
2 6074
3 1633
2 6091
1 1228
2 6047
1 1063
1 736
1 2837
4 111
1 1399
1 4716
1 5043
2 6884
4 418
3 4152
6 6274
1 1300
2 1102
4 114
1 1551
1 9378
1 3335
3 2837
4 224
2 2025
3 2203
1 5520
1 4888
4 368
4 375
1 146
4 459
4 198
2 6149
2 3625
3 8890
6 9029
4 414
1 7592
1 2057
4 121
1 9142
6 7861
1 5113
2 9469
2 3244
2 8305
2 1473
2 9378
5 8231
1 3295
1 590
3 8634
1 4684
1 628
6 2711
5 26
4 282
3 250
1 3961
1 9891
4 314
1 1215
2 3922
3 5775
3 531
5 4891
1 2385
2 7209
3 6996
1 8800
5 3517
2 2422
1 5032
2 2568
2 7326
1 6186
1 5175
2 1928
3 99
4 433
2 6005
1 7650
6 2220
2 5550
4 46
6 5484
5 6387
2 4152
2 7396
5 3723
1 5798
1 8881
3 2956
1 5027
5 146
5 5624
1 7283
5 7149
5 356
2 5062
1 2210
2 714
6 3432
5 7231
3 5278
5 5053
5 8768
2 8368
2 9921
2 3810
4 15
1 7600
4 429
2 3730
1 88
3 7217
1 1651
1 2507
5 7650
6 2210
1 192
1 5941
5 3520
3 3823
6 7489
5 3327
1 5167
1 8385
2 6109
6 715
2 7969
4 286
1 3880
1 975
1 344
2 120
4 40
1 8200
4 136
4 123
1 5854
1 2347
3 1452
3 7650
1 6278
1 8859
1 725
1 830
1 1620
3 2859
2 7149
5 641
1 8252
3 2406
5 4331
4 514
1 9130
1 2067
5 7551
3 1924
1 3044
1 3106
1 8051
2 8450
1 4429
3 7853
1 7775
1 7184
1 5677
3 9485
4 6
1 1127
2 993
3 9210
1 2521
2 3490
3 2057
4 373
1 9878
1 5378
1 9780
3 7433
1 9515
1 4113
4 307
1 8837
5 1083
5 3184
5 314
1 4095
5 6914
3 1755
6 1633
2 192
5 3961
5 3276
2 2103
1 3228
6 8385
6 8740
3 2615
2 1182
4 370
4 37
2 7775
1 2906
6 5520
6 9397
1 7504
2 6841
3 8228
4 465
5 2950
2 6110
1 5098
4 320
6 7256
1 9738
6 5378
3 7650
3 9720
1 450
4 259
3 3198
4 201
1 8141
1 2918
1 5822
1 9218
1 5410
3 7861
1 2125
2 4536
1 4654
5 3850
1 6793
1 6442
6 3357
3 8177
1 2113
1 9556
2 5531
4 419
3 3122
1 7824
1 741
4 468
1 1504
1 9889
5 3327
1 9205
1 86
1 5764
1 3421
1 1192
4 5
1 4815
4 344
1 3758
1 9069
2 1169
1 4103
2 8434
1 5818
5 701
2 3721
2 1895
2 7231
1 6011
2 715
4 122
2 430
3 3432
2 8634
5 8177
1 7811
4 518
1 8846
2 7613
3 6582
3 2807
1 6432
4 222
4 326
6 8444
5 3883
1 5984
4 563
1 2487
5 8554
2 8942
2 314
1 1874
4 8
4 74
1 3904
2 2542
2 7384
1 4178
1 6065
1 6131
4 156
1 5942
1 563
1 2254
4 33
5 1651
3 6982
4 127
4 251
5 4333
2 2634
2 2499
4 52
1 3764
1 6036
1 3420
2 2690
5 8003
1 2161
5 5689
3 140
1 221
4 364
6 9113
4 337
2 6301
3 7551
1 8710
5 6000
3 800
3 6982
4 354
4 387
4 75
5 6432
1 4210
1 9997
5 9903
1 3631
2 2652
1 288
1 6446
2 8591
3 4333
1 6324
5 5783
1 2879
4 580
6 3587
4 522
1 4401
4 506
2 8814
1 4099
1 2924
1 6988
1 9478
1 5578
1 5402
4 511
3 6820
1 5006
1 9088
2 6212
2 3575
4 190
1 8572
3 4090
5 8254
3 1551
1 9382
1 7848
1 5032
1 985
1 4289
1 8061
2 1586
2 5473
2 5693
2 5032
1 4100
1 2651
4 579
1 4785
3 4596
1 9214
6 4419
1 1367
1 5386
6 5402
5 2512
1 2187
1 2653
2 3056
1 780
2 4852
4 527
1 9542
1 6635
1 7867
6 8965
1 3742
4 415
1 6558
1 3440
4 519
1 3317
2 3482
1 7911
3 356
6 4209
3 8051
2 75
1 2565
1 5735
2 804
2 3044
3 1633
2 6635
2 1010
1 894
4 275
2 9218
2 1112
1 6606
4 485
6 244
5 8615
1 6062
1 989
1 8715
2 5824
1 7474
3 9326
4 136
1 5859
1 200
3 1420
1 8867
1 1203
3 2349
3 3184
5 8304
3 1420
1 4861
2 5783
1 9980
1 9026
3 5757
1 2098
1 1165
1 5929
1 801
6 6793
1 7921
5 5818
1 5570
2 6246
2 8151
6 2285
1 8342
6 4149
1 4477
5 4716
1 4593
1 1774
1 9132
1 9527
1 1359
1 6620
6 7853
3 6576
5 7704
2 5578
2 6377
5 5520
3 6442
2 9006
5 7921
2 4178
4 552
2 521
1 1252
2 4716
2 7009
4 193
6 5006
1 2000
1 570
1 7358
6 6011
4 232
3 5683
3 4894
1 5505
2 6186
1 7147
1 4477
4 274
1 6313
1 54
4 563
2 3141
1 4371
1 2014
6 2812
4 341
1 6146
1 453
6 3520
5 5751
1 3661
1 9238
1 4761
5 1378
2 563
1 3495
3 3318
5 1169
1 5046
4 176
3 7427
1 9700
1 4436
4 566
2 3198
4 559
2 5717
1 3825
5 5410
1 3948
2 985
2 26
1 6255
2 4760
1 5551
3 1020
3 7451
1 1826
2 2406
1 1844
3 2073
6 9397
3 2113
1 7902
5 2192
1 2561
1 4202
3 1359
5 8527
1 6671
6 2806
1 8966
2 9878
1 3124
1 2689
2 4815
6 9016
1 7949
2 7811
4 173
4 522
1 8676
3 1470
1 7890
1 1261
4 474
1 381
6 5046
1 3543
3 8231
1 9059
1 4443
2 4888
5 2067
3 9993
6 1755
1 2913
1 2728
4 357
4 81
3 800
3 2906
5 5929
5 3797
2 8881
1 1217
3 2098
1 4436
6 9446
6 901
4 405
1 6255
5 1780
2 3801
3 4331
6 827
1 1540
2 7427
5 8252
1 3430
4 190
1 2037
5 8837
1 5466
1 2192
2 344
1 7526
4 638
4 413
6 1942
2 5032
6 7217
4 191
3 1139
6 1671
5 9478
1 6009
1 6124
1 5726
1 258
6 3776
2 9238
2 2936
4 113
1 9256
4 546
2 5278
1 3901
5 975
2 6028
6 4941
3 7911
5 9993
2 9889
2 5098
1 4464
1 1807
5 1850
1 6195
1 4154
1 8205
2 7498
2 8444
1 1454
1 3306
1 291
2 1452
1 8106
1 6047
1 901
4 445
2 4728
2 701
1 5052
4 136
5 9700
5 901
5 883
1 1968
1 7538
2 7060
1 401
1 4281
1 3538
5 2879
1 1663
1 4288
4 506
1 3374
6 5046
2 2672
5 6251
5 1620
6 5683
2 2210
4 97
1 2635
1 493
3 7861
1 680
2 1169
5 1157
2 2263
2 4697
2 3274
1 2217
1 3954
5 1633
2 9700
1 8446
1 6762
2 4202
2 7398
4 99
3 2521
1 6270
1 400
6 7551
3 3276
5 8085
4 106
4 568
1 1790
2 998
3 6693
4 525
1 7850
4 207
1 612
2 9113
1 7061
1 9705
4 461
1 2976
1 1156
2 1138
1 9604
1 9864
2 2203
1 6343
1 7753
5 1551
6 4394
2 4779
1 7381
6 2807
5 2657
1 2045
2 8715
2 5683
2 1837
2 6412
2 5484
1 180
1 4924
5 7504
1 8664
1 1601
1 2950
2 989
1 1141
6 5052
1 3294
2 3904
4 185
1 8930
4 633
4 120
6 4768
1 8697
1 900
1 8270
1 477
5 7551
5 5726
4 267
4 643
6 4090
1 9148
6 1790
2 6432
1 3532
5 6494
6 3312
3 3440
6 3295
4 490
6 3312
6 7748
2 7824
1 5137
2 1620
5 6476
1 7141
1 8970
4 523
3 8560
4 609
1 340
1 5708
6 1228
2 3254
4 401
1 6257
5 3193
1 3580
3 4654
1 8834
6 2615
1 9894
3 700
1 3527
1 6387
1 2262
4 6
2 5385
5 6251
3 1340
1 7350
4 591
2 9980
2 1217
1 8970
2 4121
3 3157
3 4858
5 4785
2 8615
2 3538
1 3454
2 1063
6 4637
2 6873
1 8783
2 7107
1 463
5 1165
4 90
1 9140
1 5621
2 6606
2 741
2 3745
1 2993
2 4785
1 782
3 9402
2 6883
1 6468
1 5610
4 124
1 989
1 1166
2 5551
1 9298
1 1724
6 4149
1 2672
1 9897
1 9204
1 7853
1 4169
1 6430
1 5308
1 9403
4 183
5 2192
2 2025
5 7501
1 7533
2 894
5 8259
1 6801
4 213
1 3159
3 8688
1 8958
1 3667
1 5355
1 5761
5 7584
2 2521
2 5761
1 8201
3 9541
2 9403
2 2161
1 523
4 424
3 9092
6 8572
1 5576
2 7704
2 3626
1 4366
1 7864
1 6283
2 5175
1 6537
4 220
1 988
6 595
6 2913
2 1844
1 9286
4 55
1 1440
5 2037
1 9655
5 900
1 6122
4 33
1 3594
1 2672
1 6302
3 9256
5 7381
1 9910
5 5435
1 5241
6 8710
1 9313
6 1678
3 3428
1 1782
1 8615
3 9945
6 828
5 9118
3 2924
1 1757
1 4832
5 2906
2 6065
5 9541
1 8364
4 644
1 5653
1 155
2 8194
1 461
4 124
3 7561
1 1375
6 4560
2 430
1 1755
1 6595
3 1671
1 5899
1 8449
1 3783
1 3013
4 332
4 402
1 8010
1 9150
5 8560
1 9600
2 4530
2 4262
4 695
4 388
1 829
1 3207
1 5871
2 4649
4 721
3 3764
3 3758
3 291
1 9647
4 167
5 9132
1 9882
4 396
1 1956
2 4596
2 5113
2 5006
4 555
2 3106
5 1850
4 65
1 5875
1 5577
3 4560
1 7288
3 4100
1 4747
1 3187
4 688
5 900
1 2651
2 7861
1 9957
2 5474
3 1807
5 7043
1 6431
3 736
1 5167
4 200
1 475
6 3711
1 8593
2 9239
2 2057
1 6217
4 602
1 4421
1 4700
5 6319
3 4460
2 5621
2 8454
3 5466
1 3779
4 193
1 8619
1 9364
2 641
2 1826
2 5491
3 3228
1 3449
2 9720
2 1504
1 8629
4 577
1 8242
5 400
5 6827
3 7753
3 465
2 2014
1 1385
1 4443
1 3910
1 5261
1 559
5 4891
2 6283
2 9655
1 9461
6 4090
2 5159
2 8450
1 4569
1 5655
1 9862
1 832
1 5153
2 9148
3 9132
1 2579
2 6002
1 5080
3 180
6 5080
2 8141
3 9541
2 3910
1 160
1 9598
6 2565
1 7011
1 4671
1 6769
6 8449
2 4281
1 2007
1 2326
2 2615
2 7538
6 2385
5 2950
1 3783
1 754
1 4634
3 570
6 8719
3 8224
5 8259
1 9451
3 7184
1 6227
6 2285
1 4372
6 8859
6 1215
1 9861
6 9861
1 2327
4 607
1 416
1 5110
6 4085
5 9017
4 568
1 3013
1 6502
5 9142
2 9478
1 9965
1 7434
6 9945
5 7433
1 9634
1 6169
1 5903
3 4219
5 381
5 7206
1 2991
1 1831
2 8593
5 617
1 4625
1 5373
5 9763
1 4588
2 4976
2 2924
3 4880
2 4372
5 478
1 4944
1 2743
1 901
1 4983
1 3969
1 70
1 8137
2 7434
6 6762
3 5261
1 546
2 8688
1 841
1 5080
6 9026
2 7949
6 6634
1 426
2 400
3 6582
5 6988
1 870
4 122
2 4090
5 8890
6 2217
1 1120
1 1553
3 5080
5 5027
2 2563
1 5142
1 9695
1 2032
6 3956
1 4837
6 5708
2 9461
4 329
1 7836
6 9210
2 2743
2 5241
2 2073
5 3294
1 1025
1 9948
1 6789
1 3132
5 7256
1 3367
1 8627
2 8259
1 7382
5 1420
6 3124
5 663
5 9598
1 7782
5 9016
2 7504
2 5726
1 5600
4 343
2 595
1 6802
5 7600
2 4210
1 7249
1 7055
3 2837
2 416
6 8257
1 2503
1 4421
1 2563
4 635
2 8619
6 5762
1 6765
4 43
1 9303
2 827
1 65
4 532
5 3851
1 9265
5 4401
4 462
2 2117
1 6477
5 2326
2 9897
1 3773
3 2653
4 722
1 4588
1 7085
1 3095
2 2394
2 7584
1 8118
5 2327
2 8710
2 8377
6 1663
4 74
5 2689
2 3157
1 5715
1 886
1 6997
1 9762
1 4554
1 1817
2 1622
1 7551
2 6284
2 6009
5 6620
5 6769
1 5389
2 3228
1 1996
2 1815
1 8423
3 523
4 601
3 853
2 2807
1 2789
2 3357
2 8834
1 1194
4 279
3 9780
6 300
6 9382
6 678
1 2903
5 4371
5 901
5 9762
3 9754
1 172
1 4133
5 6789
1 6164
1 8991
3 6892
1 3738
1 3416
6 1156
1 6275
2 2913
3 4085
1 2973
1 2309
4 138
5 7551
1 1096
1 9740
5 4451
1 2055
6 9259
1 6010
1 3361
2 5689
2 617
1 7607
1 7439
1 4537
2 1236
1 392
4 290
3 5110
1 7509
5 1782
1 3409
6 2563
1 9121
4 419
1 2100
6 9948
2 2918
1 6843
6 8735
3 5435
4 317
5 8783
2 530
6 7501
3 9059
2 1651
2 1399
6 1031
2 6494
6 7607
2 4419
2 1086
4 338
2 3712
2 7358
3 884
6 7217
1 4985
6 1228
3 7650
4 542
1 2743
2 175
1 4210
1 4184
1 1220
6 841
1 5977
3 3095
1 1059
1 3947
1 4838
3 5570
4 268
4 85
2 5505
4 785
5 2285
3 9515
4 539
1 8851
2 3839
2 3374
5 829
1 1986
4 741
4 473
2 65
2 2672
1 1519
1 2765
2 3454
1 1543
1 6108
1 4335
2 4103
3 9634
6 5624
1 5535
5 5600
2 4768
4 357
1 9307
1 1390
5 8554
5 557
5 900
2 6996
4 464
2 4984
6 477
6 7836
2 546
1 5591
1 2519
1 1821
5 800
6 3738
1 4551
1 3631
1 5314
5 590
6 1757
1 2213
6 8342
1 1786
5 9397
1 5114
1 3728
2 962
2 9382
4 306
2 6195
2 9762
6 4178
1 3697
6 943
1 7916
1 9477
2 288
6 8958
1 5363
1 8990
3 782
3 5535
1 6889
2 5363
3 4637
1 725
5 6227
1 9373
4 291
2 1359
2 4429
1 1242
1 68
1 6424
6 2113
1 4149
2 5859
4 258
4 410
4 10
3 9428
3 5630
6 140
1 7743
1 3151
2 2895
6 4401
1 7989
1 3909
4 704
1 3386
6 461
2 9527
3 4443
6 3409
1 2335
2 453
1 794
2 6270
4 573
6 6430
2 3361
5 4214
1 2601
4 586
1 7552
4 7
3 4554
2 1097
1 8742
1 335
2 4149
2 3783
2 6997
6 6620
6 6789
3 8228
1 5176
3 1340
2 7509
1 4574
1 4035
2 4554
1 5144
1 9952
4 648
2 3276
3 3532
1 234
6 1099
2 5535
3 3416
5 8627
1 7129
1 6676
3 4129
6 2503
1 7655
4 609
1 80
1 4819
3 2565
2 7382
4 686
1 8871
1 169
2 4464
2 6693
2 9889
2 7864
2 5053
1 294
2 2349
1 863
1 5634
1 7747
1 9018
5 4560
4 482
5 6522
5 4449
3 4394
4 155
1 4313
3 4880
1 2606
3 3386
3 5929
6 2812
2 2254
1 4985
2 1956
2 8800
6 8252
6 5308
1 195
1 6827
2 2565
1 5105
2 1215
2 6011
1 280
1 6141
2 1127
1 8396
1 2633
5 6468
1 5688
1 6376
1 8472
1 4835
1 5520
1 9545
1 9670
4 533
5 7147
5 4838
4 260
5 9598
3 1817
2 146
6 557
1 1651
1 1363
1 5733
6 461
4 720
3 6856
3 2045
1 329
4 118
3 9976
1 3025
5 4637
2 8970
3 6847
3 6036
2 3735
2 754
2 6053
2 3421
3 3738
3 3807
4 404
2 870
5 7533
1 1192
4 192
1 9625
1 3561
3 480
1 7086
6 8576
1 171
1 8101
3 3506
2 8047
3 3580
5 2879
5 8101
1 8022
1 9100
2 9817
2 1063
2 9864
1 9735
1 5121
3 6164
1 2644
6 6953
2 9446
3 3485
1 4474
5 6460
1 2116
1 3664
1 3939
1 7812
2 3106
2 9862
1 3557
3 2199
5 1059
2 557
1 2065
1 2769
2 2113
1 6251
2 8583
5 172
1 1558
4 15
3 9088
3 901
2 9882
1 8706
5 2512
6 2067
1 8514
1 3325
1 342
1 5784
1 7594
4 89
1 1200
1 6812
4 361
1 589
1 6426
1 4103
2 5440
1 7909
1 2300
1 163
1 8322
1 2202
6 8527
2 7533
6 221
1 8486
1 8629
1 1664
3 4421
1 7758
1 2012
1 201
2 7853
2 7792
1 1946
3 9957
1 8712
2 8224
1 4375
1 3153
1 9933
2 356
1 8231
2 628
1 4647
2 9088
2 8966
6 3728
6 7283
6 3807
2 6426
3 5977
1 646
3 9059
1 8059
3 1946
1 670
1 4586
6 6914
5 6576
4 812
3 1850
5 7561
3 7916
1 5877
2 9477
4 774
1 8125
1 1074
2 1203
5 7650
5 4421
6 5956
5 5624
2 86
1 1089
5 7148
1 5726
2 7451
1 1219
1 9617
1 2476
1 5898
2 7381
1 7967
1 8796
1 4814
4 808
2 5977
5 1454
2 559
1 7008
1 1060
1 5701
4 150
6 5410
4 863
1 4049
1 6698
1 6209
3 8446
1 7876
5 2202
4 438
6 2000
2 1025
5 7989
4 56
3 3777
1 1524
2 3159
1 6972
2 1031
2 5378
6 5396
1 2785
3 1831
4 222
1 8543
4 795
5 7501
6 4219
1 5357
1 246
1 4711
5 7747
1 4814
1 2366
1 3701
1 7332
5 200
2 8871
2 8628
6 5715
4 667
3 463
1 8299
1 474
1 8447
5 5688
4 82
4 649
4 40
6 6324
1 9769
2 9780
5 4894
4 496
3 4634
2 3517
1 143
1 6904
1 5237
4 361
4 763
2 988
5 9763
5 3440
1 6695
2 1837
3 7876
5 4569
1 5973
4 47
3 5080
3 9523
1 940
2 1565
4 819
1 9724
3 2976
1 5579
1 2932
1 6503
1 8543
5 8708
2 9647
1 6260
2 9029
5 9059
1 500
1 242
2 5871
1 2492
2 4588
4 164
2 5435
2 8775
1 2036
1 3911
1 358
6 3432
5 9205
1 4575
6 4962
5 7561
5 5110
2 7206
6 6122
2 291
3 3797
1 9895
2 6620
1 9877
1 5051
5 6424
1 5854
3 9142
1 8852
5 6460
2 9363
1 2280
4 48
1 9925
2 5868
4 379
4 11
1 2929
4 536
2 9925
1 4653
5 5751
5 9523
1 9687
5 2012
1 7639
1 1050
3 5600
2 8228
1 5944
3 6131
4 33
4 7
1 2461
2 9188
4 308
2 2461
1 9745
2 5715
3 7758
1 1211
6 8231
1 5126
1 6092
6 6946
1 173
6 2743
1 4850
2 6796
1 8479
1 9440
6 2563
4 287
2 4184
1 4664
1 479
2 3095
4 716
3 2965
1 6418
1 6433
4 118
1 4310
2 1830
4 690
3 2213
6 9976
3 4443
6 3675
1 6475
3 7639
1 8238
4 348
1 8906
6 2476
5 2965
4 328
5 8796
2 6762
2 531
6 5126
1 4487
2 340
1 8904
2 1166
5 6522
6 3440
2 8904
2 280
1 9916
1 4666
2 8906
1 3228
3 5944
4 844
1 398
1 3120
6 5822
2 4436
4 312
1 7164
5 6982
4 435
1 7333
3 9016
1 7322
2 3013
2 9745
6 465
2 234
2 940
3 9414
1 8067
6 3954
2 1060
5 5466
1 8405
1 7836
1 2757
1 6182
2 5757
3 3193
3 1968
4 686
6 4985
3 6227
5 9740
4 876
1 6081
1 6423
2 9423
4 444
1 1717
4 164
1 3626
4 144
5 8991
1 3868
2 9121
6 2280
1 4922
1 3079
2 5875
2 7147
4 555
1 7139
2 8615
4 298
1 4657
1 5140
1 4709
5 6164
2 670
1 903
2 8385
1 2882
2 5899
4 806
1 3875
3 1363
3 244
2 6274
3 9259
1 6113
1 779
2 2579
6 7129
2 4711
2 6574
1 7263
1 8597
4 75
6 1242
1 3318
2 9059
5 5267
1 111
1 4152
3 9399
2 8572
1 2265
2 163
1 1868
3 6146
1 4045
2 5944
6 7812
3 1050
5 5080
3 6433
1 325
1 8047
1 3917
2 7835
1 2939
5 9541
3 398
1 7545
6 3626
4 814
3 824
6 1755
5 1378
2 2689
2 70
3 3181
1 1805
6 5237
1 7689
6 9016
5 3228
1 7515
1 9198
1 6380
1 5274
1 4008
3 1790
2 801
2 2812
1 8855
3 1757
1 2055
1 2933
5 8085
2 4700
1 6743
5 4634
1 2117
2 4586
4 875
1 8621
6 8252
1 6206
2 6092
1 3276
2 54
6 1378
2 1558
1 4705
2 9724
2 1782
2 1786
1 7109
2 3270
1 2720
3 2837
1 8558
1 6110
4 330
1 2636
2 4310
1 6314
3 5822
1 6871
1 9508
2 3222
1 1468
1 5952
5 9132
5 8231
1 1033
1 4657
1 545
2 5576
5 9092
5 5105
1 664
1 1215
1 8431
1 8452
2 5520
1 3324
4 617
1 32
1 8044
2 7876
2 1156
1 8026
3 9993
1 7499
2 480
6 9738
2 4099
2 153
5 6794
1 3086
1 7090
1 4428
2 8254
3 2220
1 5033
1 3032
1 1506
1 1130
2 5520
2 2806
1 1380
4 680
3 8106
6 8859
1 4612
6 8560
3 3430
5 6871
1 1965
6 9933
1 3958
1 7731
6 4647
2 2950
1 2059
5 8044
1 312
2 9364
1 2191
1 6837
1 1640
2 8051
1 5374
1 6527
2 3386
5 9735
2 7758
1 6983
1 8887
4 232
2 5965
4 475
1 7872
2 7055
2 7639
5 6914
2 2903
1 4660
2 4858
1 5371
6 1219
1 9392
2 426
3 6209
6 3667
2 8299
4 218
3 7003
1 4929
1 6096
2 2244
2 8627
2 160
1 3115
2 5775
1 9395
5 1942
2 6827
2 6206
1 9642
2 2032
1 1445
1 3667
2 5114
2 680
5 6387
2 9018
1 8917
1 5547
1 5924
5 9392
1 4826
1 3248
1 6894
5 3561
5 5389
6 6582
1 1270
2 2262
2 8514
1 6634
1 2154
1 3534
3 5600
5 1924
1 7443
2 2950
2 4922
1 1664
3 6582
2 1805
6 678
4 579
2 1664
3 9392
2 9313
2 5653
3 1633
1 4257
6 1821
1 1214
1 6651
3 4833
6 4421
2 2512
1 6726
1 9732
5 5751
1 1125
1 6970
5 3151
1 2812
3 7650
2 3428
1 9654
4 844
2 5012
2 9894
1 6106
5 8664
1 5215
1 764
1 4742
6 2993
2 477
1 1462
1 5958
6 9916
1 936
1 3268
1 5202
2 2487
3 725
4 12
5 5202
2 9617
1 3190
1 7016
2 6131
4 942
2 5818
5 3295
1 3875
1 7231
2 3958
1 2882
4 892
1 6933
5 9397
1 4274
2 1141
1 3866
2 5121
1 1710
6 4654
1 8071
2 2795
6 4653
1 593
1 1948
1 695
2 111
6 450
1 6868
2 2220
1 5896
5 8304
3 5374
1 4565
1 1651
1 7295
2 8859
3 6110
1 8476
5 2653
1 3210
3 6468
2 2036
3 5595
1 5898
1 7028
1 4234
3 2588
1 3388
1 1718
2 8322
4 274
3 1868
1 1582
2 4487
1 8579
1 7902
1 8134
1 3529
1 8371
2 4421
6 5371
5 6847
5 646
4 362
2 2192
1 9912
3 479
1 1286
1 5891
3 732
3 8231
3 3880
4 715
4 234
1 9340
4 583
3 8067
6 5261
2 7909
1 5694
1 7055
2 8270
1 1515
6 5466
1 2639
1 4949
3 2213
2 171
1 134
1 2686
2 2932
1 4398
2 6108
1 5867
1 6531
1 6592
4 71
6 4443
6 1083
1 6720
1 1078
1 2036
1 2798
5 1817
1 7424
3 3430
2 9945
1 1271
1 3655
3 8543
1 6524
3 335
1 8288
4 143
4 604
1 7989
1 8637
2 7288
1 6459
3 4785
1 9174
1 8581
2 5655
2 5690
2 1385
1 1917
2 5677
6 6576
2 3120
1 1919
1 5332
3 8676
6 590
1 4493
1 7205
2 94
1 5597
6 1261
5 8221
5 4705
5 4502
3 6537
4 429
1 9167
2 221
1 3352
2 8621
1 3905
1 5863
2 3449
4 281
1 2932
1 1159
2 4095
1 1845
4 332
6 3295
1 821
1 1069
1 3818
1 3978
1 7808
1 326
6 8449
2 6010
1 3955
1 2226
4 304
3 5355
1 1212
2 3184
5 8965
5 4850
2 7249
2 695
2 9948
5 2563
6 9167
1 8231
6 1159
5 6894
3 2191
3 8252
3 6169
6 7489
1 743
4 137
1 859
1 5249
5 4474
2 1159
1 6630
2 9214
1 3612
2 2482
1 6069
6 1069
5 9965
4 1003
6 8930
5 7501
6 9167
3 8676
1 8706
1 6229
3 9117
4 374
1 1712
1 3624
4 381
1 1425
5 2309
2 8371
4 469
1 3808
4 774
1 5835
2 2300
1 7840
6 1917
3 99
1 1062
2 4394
4 812
1 7689
2 4684
1 7105
2 9300
2 9395
1 2345
1 5584
6 6475
6 173
5 242
4 824
5 4100
1 5266
1 9345
3 2199
1 2415
6 6743
4 864
1 845
6 4421
4 461
3 3025
1 8938
1 783
1 1150
4 1002
4 376
1 4393
1 7557
2 9625
1 4643
2 3631
2 2956
3 1420
1 1818
5 8364
1 7732
1 5144
2 1519
1 8220
4 318
2 9399
2 1225
4 409
1 9733
1 2577
1 7460
1 5934
1 5240
1 9132
1 1260
1 1781
5 3664
1 2916
2 201
2 192
2 3661
1 2063
1 5847
2 2492
2 9016
3 7390
2 3388
1 616
1 1161
1 9208
1 7270
1 1483
3 5371
6 7743
1 3929
1 1828
1 2838
1 9745
2 943
1 7653
1 7132
1 9638
2 3883
1 6445
6 1212
1 4645
5 5396
6 4944
1 7575
1 1500
2 4313
1 8967
3 4654
1 4991
1 6322
1 1509
3 2000
2 6275
4 310
2 3547
6 2794
5 4835
2 246
2 1192
3 1083
1 4719
1 8039
1 5747
1 1206
1 7502
3 1968
4 607
4 1016
2 5577
4 655
2 4666
6 2327
1 9208
2 5634
2 3954
2 4204
1 8593
2 1252
1 2270
3 3577
2 1462
1 1479
1 8004
1 502
6 6036
1 1243
3 6257
2 2965
1 3733
1 6886
1 758
1 4711
1 535
1 4284
2 1651
1 9751
1 9837
2 9735
2 6182
5 6476
1 3425
2 7136
1 9306
3 6663
3 6251
2 5396
1 6409
1 2752
1 3780
6 1211
1 173
5 3248
1 3989
1 9271
6 1500
6 590
5 1089
2 5822
3 3352
4 325
1 8474
4 559
2 342
2 6141
1 732
5 5735
6 853
5 7217
2 1089
6 5374
2 4949
1 7805
3 2000
3 6634
2 4709
6 1286
6 6255
5 3955
4 434
6 3013
1 2740
3 1874
3 5847
4 919
2 7911
1 7106
1 1382
1 7880
2 392
3 7055
5 1454
3 7322
1 8281
1 704
1 2064
6 5570
3 6864
6 9542
1 4544
6 5137
1 7392
1 2410
1 9330
2 4983
4 199
3 9642
1 3509
1 3959
1 3290
2 1479
2 7349
2 7350
1 6658
6 523
1 4338
2 700
4 370
1 1848
5 7016
6 6522
2 1062
2 2906
3 1663
5 8061
3 9738
1 7546
3 3312
1 988
1 7792
2 1083
1 9086
4 1061
1 1716
6 3612
6 2000
4 821
2 8396
6 300
2 6789
4 583
1 5603
1 3323
5 1300
3 25
2 9957
6 479
1 536
3 8796
1 1962
1 4376
2 5747
1 9580
1 7273
1 2574
3 3207
1 8795
1 7700
1 101
3 2838
3 1718
1 6415
1 2370
1 2371
3 3623
2 2098
1 6530
1 8998
1 2488
1 7003
4 599
1 5550
1 2672
1 7798
6 2125
5 3783
2 5466
1 4327
1 5830
1 7957
2 2519
1 7573
5 8299
3 2226
6 6695
1 2238
3 5335
1 1738
1 5580
1 5935
3 1050
1 2402
5 3901
5 2838
6 2933
6 3032
2 589
2 6387
2 3193
5 2065
1 9648
1 9351
1 4016
1 6666
6 7164
2 2476
1 1648
1 8074
2 7205
3 1874
2 4289
1 7098
4 660
2 5830
1 2152
1 7830
1 7331
3 4129
1 2360
1 7826
1 5845
6 8472
6 7782
5 593
3 732
5 8676
2 3624
1 9574
2 3416
1 7833
1 2437
1 1961
1 9228
1 7866
1 1039
2 6837
5 1678
4 378
1 870
4 909
1 7369
3 6765
6 8998
6 3248
6 6096
1 1214
4 328
6 8998
1 4366
2 9140
2 1059
3 3909
4 329
4 975
2 1468
6 3851
5 1774
4 98
2 9732
5 2059
1 2544
1 9171
2 3268
6 335
1 9005
4 36
5 859
1 1762
2 6424
1 4344
4 887
3 800
5 4395
5 705
1 3898
3 7148
1 5399
4 409
6 4657
4 847
1 3261
1 9089
2 3901
1 1297
2 6255
3 8990
3 4477
1 6292
1 2368
4 255
6 3032
2 5144
2 7607
6 7105
1 8770
1 6506
2 7967
1 1119
1 1754
1 2013
3 2882
1 1874
6 725
5 903
1 8315
6 1454
3 2882
3 5688
6 1601
2 3294
2 1671
5 1382
6 2973
1 6174
2 782
1 8504
2 5847
5 3328
1 904
1 3932
1 7786
1 2196
5 4016
5 5167
1 8669
5 463
1 185
4 623
3 3711
2 9298
3 9634
4 407
2 8965
1 1941
2 101
2 9132
5 9171
1 2418
1 1411
2 3875
1 7597
6 4366
2 4152
2 780
3 9485
4 483
6 2191
6 3742
3 5867
3 6522
6 4634
3 6558
2 4169
2 3318
1 1401
4 193
3 2837
5 6530
3 4154
2 9648
3 9428
1 458
5 9877
2 3181
1 6554
5 185
1 7258
2 5308
1 5824
3 7219
6 4474
1 374
5 4393
2 7840
5 4944
1 3951
3 8851
1 1383
2 244
1 4389
5 2059
1 3247
1 1569
1 472
4 689
4 45
3 9877
4 478
1 9740
1 9037
6 5726
1 7907
1 9550
6 4154
5 4785
6 9402
4 27
4 595
1 5165
6 25
6 5274
1 8726
2 5167
1 8105
5 6847
1 5738
2 4016
4 490
2 8061
1 7540
6 8026
1 7562
1 2421
1 4910
3 2285
2 830
1 4723
1 3741
1 6475
1 1507
6 859
2 8288
6 326
1 6744
1 6742
4 469
5 9861
2 7594
2 493
1 3031
6 8231
1 2483
1 1576
3 7902
3 6871
2 7295
5 1569
4 1081
1 9287
5 821
6 7369
6 4493
4 806
5 859
1 283
3 6174
2 7217
5 3868
6 8221
4 383
2 5046
1 4349
3 9205
3 5591
1 8925
1 4968
1 1107
1 9254
4 1012
5 8304
1 899
1 5585
1 6572
2 5738
1 6334
1 4624
1 9156
1 7189
2 2191
1 3098
1 1026
2 899
1 3865
3 1509
1 2646
4 802
4 1090
2 5585
6 2065
6 7008
1 5832
1 7661
4 1056
1 1071
1 8856
5 9910
1 5561
2 4398
1 8132
1 5221
2 1506
1 1463
2 2574
6 6572
3 9642
6 699
3 1220
3 1663
5 7109
1 1503
3 9740
1 1365
2 2270
1 6289
1 3816
3 4785
1 3325
1 89
4 19
4 93
1 4132
2 7792
1 3422
2 4634
1 6128
1 2329
4 1042
1 7472
5 1340
6 8664
1 3642
1 8970
1 7819
1 3616
2 4625
2 7283
1 8150
5 6433
2 3335
1 4177
1 5757
1 8896
1 7500
1 5361
6 4833
4 1130
6 2672
4 417
1 292
5 7836
1 9521
2 3612
1 4128
1 5098
1 3888
1 6180
2 7055
2 1445
1 3758
4 113
5 2991
1 8287
6 8474
1 4980
1 1532
1 2584
3 3013
1 4007
1 4726
1 2491
2 3409
1 3758
5 7256
2 5603
3 7546
1 1422
2 5958
1 927
6 5942
5 1425
1 1001
5 292
6 5579
1 8106
5 2746
1 5536
2 8342
1 3459
1 3332
1 7443
6 8593
1 916
1 780
1 9742
1 3619
2 3631
1 4220
6 7090
4 391
1 2871
2 7661
2 3561
2 7805
1 2872
4 1084
1 954
6 4214
6 821
1 9221
4 543
2 7085
2 7546
1 4588
1 5349
5 7836
2 646
1 6030
1 3448
4 175
1 528
2 2326
2 2651
6 1383
3 4257
3 2238
3 7540
6 4154
1 1786
5 2285
6 4991
3 8231
2 3248
1 6703
5 9307
2 5757
1 3056
2 381
1 8770
6 6122
4 1115
1 6805
3 8970
1 7780
6 9598
1 1598
5 5942
1 6996
1 7589
1 7889
1 2597
1 2819
6 6433
1 5459
1 5371
3 4502
2 1762
1 7731
1 3247
3 3758
4 138
1 8025
1 1630
2 7551
2 6658
3 9745
1 4142
1 6016
1 1942
1 2093
5 1868
2 4861
1 1665
1 3903
6 4035
1 27
4 169
1 7455
5 3151
1 6838
2 8846
1 4775
4 393
1 5880
1 5588
1 9740
5 2000
1 2368
1 7741
1 6494
2 6724
1 4252
5 2743
2 8010
2 9265
1 6993
1 9489
1 2323
2 1099
2 9541
5 4214
4 416
1 5593
6 1874
1 9750
1 3188
1 1352
6 8669
4 821
5 1640
2 2402
1 6354
1 7863
1 9055
2 4671
1 9225
6 3948
2 9993
5 5580
2 8059
2 329
2 9745
1 8862
2 1532
2 7043
2 9005
2 6554
3 9165
1 3751
3 6314
5 6620
1 1994
4 930
1 4661
1 6937
1 9170
6 5896
6 9515
1 9191
3 1215
2 1220
5 3153
3 80
2 678
6 7148
4 169
5 3898
1 6439
1 9614
1 3987
1 3969
1 909
5 3728
5 9763
4 57
1 4500
1 8361
2 3619
1 6624
1 2992
2 5701
6 7902
3 1447
1 259
2 1507
3 5426
1 9391
2 2371
2 5600
1 5693
1 5906
6 9254
4 1130
3 664
5 4209
5 3580
3 7333
1 8888
4 926
3 4835
2 1260
1 8864
3 9259
4 851
1 213
1 5216
6 988
2 9580
2 8486
5 1850
3 4664
4 1015
6 3295
1 20
1 5067
3 1300
2 4910
3 832
1 4654
1 6473
2 478
1 9154
2 8003
2 3742
1 8328
4 160
1 9922
1 2822
1 1233
3 6343
3 7562
3 5784
5 699
1 2468
1 8502
6 9055
1 8331
6 4142
1 2349
1 350
2 6937
6 7263
1 5595
1 1314
6 8132
1 7994
1 4055
1 1529
1 4239
5 900
4 461
2 9225
1 4103
2 4657
2 143
1 2625
6 6000
4 62
2 7890
4 1200
1 3102
1 4027
1 6251
1 8221
4 21
3 1039
1 2683
2 5588
3 6124
4 46
2 4371
1 8978
2 6251
1 7420
2 8220
3 9256
3 8719
1 7826
6 570
5 3312
3 989
5 5896
1 1649
2 3701
4 521
1 7371
5 5956
1 1604
1 4250
5 1401
2 5105
2 9118
5 3911
1 1201
5 8044
1 3981
1 8757
1 1184
1 1929
2 8449
2 2196
1 3554
6 8715
4 1131
6 8576
1 1312
4 606
1 8247
1 7976
3 5733
1 9451
1 6866
6 7748
2 5126
1 8998
1 8744
5 6164
1 9311
5 3423
3 322
1 203
1 9901
1 7300
6 6624
4 943
1 9193
1 8746
6 5216
1 669
2 2720
2 4645
1 8353
1 2487
5 4389
6 7921
5 612
5 5877
1 7618
1 9784
6 699
2 9738
5 3577
1 5090
5 6169
5 2939
6 3327
1 2611
5 9740
6 3534
1 1535
1 1959
1 2278
6 7551
1 7619
6 3527
2 8757
1 3532
1 1844
2 9204
5 6695
1 3570
1 9814
4 790
2 3880
1 2691
1 5464
5 9132
1 9786
1 1400
3 7551
4 1170
5 8331
4 683
2 8446
4 588
1 4814
3 7552
1 2362
3 5142
5 2360
3 8768
1 8088
1 1624
1 663
1 1743
1 9159
1 4947
4 249
1 319
5 743
1 5495
4 713
2 699
2 8862
3 9901
1 151
5 3807
1 147
2 7848
4 1200
1 4363
2 2871
1 1950
3 8152
1 8533
4 189
3 2793
1 4031
3 1463
3 151
5 6866
1 8669
4 1168
1 3053
2 9055
1 5467
1 4417
2 2588
1 3954
2 4833
1 2635
6 6634
2 4726
3 3981
2 7562
4 474
3 7501
3 3758
4 73
1 5897
1 2515
5 5399
6 5624
2 5854
2 3089
6 6016
1 7603
2 6475
1 1933
1 9724
2 1463
1 8425
1 2583
1 6357
6 7830
1 5132
1 4476
4 100
4 367
2 6982
4 1258
4 191
1 5953
1 2292
5 2345
1 2125
2 2933
1 8089
5 4654
1 6447
3 528
5 621
3 3728
6 1576
1 4067
5 7540
4 877
1 6376
4 1233
1 2586
3 1314
2 2125
2 5561
2 8101
5 5579
1 461
6 4443
2 3207
1 3984
1 2723
5 2362
1 9580
1 1887
5 3258
2 3532
1 6345
2 4637
5 4814
2 3851
6 6227
2 5547
1 2804
1 3781
3 9287
1 4914
2 3728
6 6334
2 9784
2 6030
1 5203
6 954
1 8325
5 5240
4 1030
1 1415
1 8259
1 9382
4 1003
3 9861
5 4537
1 7039
4 792
5 7798
1 9643
1 7356
1 4007
1 5241
1 6337
6 2323
1 7458
2 7902
1 1441
1 1388
1 9370
5 250
1 6378
1 9355
1 9305
1 2978
1 580
1 4071
2 3290
5 5952
5 3875
2 6460
1 7344
6 172
4 741
3 3948
1 4561
1 2561
6 4178
3 4891
1 8413
2 794
1 7960
2 1214
1 322
6 9924
1 6636
3 8558
2 593
3 8044
2 9877
4 262
2 7812
1 656
1 2202
2 800
5 9167
1 3633
1 5629
3 2055
1 2849
5 1107
1 450
3 4055
3 6983
3 3969
2 6988
3 8579
2 4660
2 2635
1 6178
6 6174
1 2041
6 9354
6 1601
4 262
2 5052
6 3208
2 200
2 7597
5 2278
5 2278
1 676
4 887
5 4085
2 9733
1 1029
3 450
1 5257
1 4215
5 9117
1 9257
4 677
1 4708
2 4723
2 4178
6 2012
1 2046
3 535
1 5244
2 6769
1 4728
4 1308
1 2850
1 8666
3 7833
2 7098
1 5124
6 2672
6 6914
2 1828
1 6433
1 5177
1 2361
1 9207
1 2962
1 575
3 535
2 7732
1 332
1 9360
2 3520
6 7907
3 1233
3 4376
4 891
1 4409
4 748
1 4741
6 9545
1 9030
2 7263
1 3603
2 6720
3 8783
5 7390
3 3909
1 3615
5 5043
1 48
2 8896
1 2830
1 5355
1 558
5 1640
1 4953
3 6047
1 2451
1 4583
2 7960
2 7219
5 2973
1 731
4 434
2 1215
1 9226
4 551
1 3996
2 3917
1 1632
1 8443
2 1503
3 2743
1 3143
5 4477
2 4814
1 8510
6 4838
1 3833
3 1400
1 9296
5 9208
4 165
6 2711
1 8944
1 1647
3 2711
1 5606
2 580
3 6827
1 2720
1 105
1 8325
1 6550
5 2991
4 118
3 2046
4 748
1 4037
2 927
1 9516
2 1757
6 2503
5 3276
3 6550
1 1976
6 8637
1 8504
6 4647
5 3532
1 8055
1 8851
1 1431
1 2536
3 3140
1 458
3 6889
1 7636
3 2503
3 8474
1 4521
1 7613
6 8364
6 621
6 4894
1 4885
1 3248
2 4421
1 7220
1 8153
4 543
3 7989
1 521
1 3042
2 6180
2 7551
1 133
5 4561
2 6743
2 2370
5 523
2 2349
2 4741
3 2561
1 3164
1 4915
1 9994
2 374
1 2834
1 125
4 210
3 8990
3 1649
1 3029
4 100
3 7613
2 173
2 3783
6 5733
2 7332
1 5140
1 9913
3 7907
2 4985
4 1300
2 8447
1 4360
6 9017
1 3458
1 8416
6 7270
1 1168
3 2125
1 5259
4 748
1 4766
1 1904
3 8047
1 2754
2 3115
1 8895
5 3570
2 8664
4 233
1 1868
2 3981
1 9022
5 4647
1 261
1 4789
1 3896
1 5852
2 7592
1 6791
2 4154
5 5355
1 5370
2 7748
1 9696
1 7818
6 2757
1 8104
2 9355
1 3366
5 8543
3 4719
2 9769
1 9300
3 901
1 24
1 2738
1 1773
3 7584
3 7557
6 8067
4 1272
2 4654
1 5660
1 5385
2 502
4 538
3 4500
5 2586
2 7472
4 481
1 5221
6 2327
5 900
1 6511
6 1994
2 3190
1 2313
1 7329
1 4439
1 6215
2 4376
2 9271
6 4474
2 6871
1 1599
1 2516
6 5854
1 9291
1 4454
2 4653
1 6444
1 658
1 3799
5 1624
6 8089
2 9345
5 6215
6 1942
2 6036
4 1030
4 119
1 5950
1 5907
3 5267
3 9750
1 1639
2 3527
1 7062
6 988
1 1538
1 9486
1 6952
2 7132
3 4252
3 1649
2 9828
6 7300
5 6314
6 2563
5 4747
4 377
1 8805
5 4657
1 6837
1 631
1 2593
1 1154
2 9910
2 6302
1 5012
1 3805
2 5244
1 563
1 2857
2 4449
1 9758
5 9306
2 3642
1 9030
5 863
1 2240
3 9542
5 5896
6 3420
1 5107
6 9016
2 1877
1 3535
2 4133
2 7106
1 7110
1 4471
1 2822
2 6866
6 6868
5 169
1 676
5 2125
1 8304
1 1119
6 4250
1 3001
1 1041
1 5182
1 3953
1 5474
6 6473
1 3081
1 9082
2 1200
1 8734
2 4360
1 5272
6 909
2 2045
1 986
1 4000
4 730
6 1375
5 9740
1 4548
1 3823
4 318
1 4473
6 4274
2 8299
5 4129
6 8205
6 5274
2 8304
1 5686
5 4548
2 9354
4 137
2 9440
3 465
1 5012
6 450
1 5499
2 845
6 6651
2 8852
1 5482
4 1046
4 57
1 7757
3 7689
1 8700
5 557
1 7329
6 4142
1 3602
6 6322
1 5194
1 3175
2 2226
6 479
4 1200
3 1401
1 6589
1 6679
5 8543
1 5940
2 242
1 3092
1 2947
1 9341
4 893
1 7501
5 3317
1 2503
3 6676
2 7105
2 828
1 5098
2 458
2 3751
4 921
2 4990
5 461
2 4894
5 169
2 9952
2 8887
1 8989
2 6415
1 3471
2 3440
6 6847
1 5619
1 8195
5 1401
1 7549
1 6532
1 5497
1 2091
2 7743
5 1441
4 1085
2 5610
5 2491
1 1095
1 8451
5 6477
2 7782
1 7075
2 7889
4 1017
1 721
4 943
2 3366
1 8162
2 8502
1 7411
1 9647
1 6839
5 8744
2 3741
4 695
6 2055
5 195
1 6053
5 7329
5 2345
3 5845
5 6868
2 8259
5 7780
4 816
5 3210
3 4217
1 5999
6 463
4 1290
1 287
3 6791
1 2080
2 6550
4 524
1 3784
1 9232
1 451
5 3079
2 8134
5 5597
5 7273
6 20
5 5852
1 6333
3 2657
1 5919
1 4554
3 5410
1 5273
6 8066
1 7685
1 2210
3 6827
2 9740
5 68
1 2608
2 9912
5 4481
1 2582
2 8925
1 7358
2 5482
2 8697
2 7061
4 1277
6 9994
1 1650
3 1773
1 6515
2 1929
5 7270
2 9210
2 6251
4 1302
6 8715
4 418
1 2043
1 6470
5 841
1 1020
3 7256
2 2327
3 6209
6 9207
4 141
1 1206
1 4332
3 3939
2 2932
3 6334
2 886
6 3909
1 511
1 9557
6 9687
1 6293
5 3758
5 6314
6 8152
6 1633
4 695
6 4941
3 3626
2 8205
6 2721
1 6352
1 4280
4 552
3 903
1 4109
2 1663
2 8991
1 7050
1 5933
1 9130
2 5880
1 450
2 5067
2 900
1 3301
1 8806
1 2310
1 9043
2 287
6 6423
1 6208
3 1582
4 614
2 2804
1 6462
1 7083
1 6669
6 6169
1 8178
1 8966
4 172
1 3078
3 5332
4 1338
1 3543
1 4051
1 6723
1 9422
1 7190
2 4832
1 9140
1 4095
6 6996
3 401
1 597
3 2046
6 450
5 2012
1 4744
1 9945
2 9341
1 7342
5 7499
1 1954
4 1292
3 1540
4 1186
1 3003
2 3078
6 4460
2 5595
6 9311
2 5898
1 1657
3 8851
1 1404
1 8481
5 6146
4 1401
2 4500
6 1755
2 4583
3 9550
1 6257
2 9226
1 6561
2 7853
4 1138
5 8742
5 4941
1 4741
1 211
1 7335
2 9397
1 3460
2 6343
1 7492
1 3574
4 817
1 6375
1 2548
1 5283
5 9205
1 1156
2 6576
5 5953
2 133
3 6793
4 172
4 1049
1 3039
3 1228
5 9286
4 1304
5 9740
5 8089
2 2278
1 5394
1 4370
1 1750
5 8706
6 3261
1 6557
1 5314
1 5261
2 4565
3 8938
2 6494
3 6313
2 2055
3 8998
4 289
2 2633
1 7203
1 9954
1 2492
1 6826
1 2896
5 6983
2 6515
1 6932
6 7203
6 4037
2 6952
1 669
3 3868
1 7057
5 780
1 5080
1 3562
1 1348
1 2490
1 7251
3 5459
2 909
2 4473
5 4785
2 5371
1 1190
5 8221
1 9641
3 669
4 1145
5 5467
5 9786
4 346
1 9948
1 4
1 4633
1 6787
1 6074
1 7923
2 1242
1 1458
5 3425
2 8361
2 9965
1 1554
3 6794
1 9939
4 344
4 408
2 2644
1 1902
4 1101
5 2947
1 5202
4 177
5 8451
2 3495
1 3711
5 6502
2 1154
1 2339
5 8768
1 1496
1 6574
6 2929
4 1138
6 1754
5 2065
6 4436
2 4436
1 3257
1 8814
1 5887
1 7597
1 3162
5 9360
6 2366
1 3057
2 2385
2 5940
5 450
1 1728
1 2116
4 436
4 938
3 1201
2 2978
2 6293
5 7335
1 9735
1 3809
1 5173
6 3911
4 711
6 261
4 1401
5 2202
6 5924
2 4389
2 7474
1 6698
2 5887
4 1171
2 2882
1 5930
2 7256
2 8025
4 121
6 7994
1 6382
2 6433
1 7906
3 7329
1 9513
3 9557
2 4744
4 24
5 300
1 8699
6 8257
1 6153
3 9130
5 9735
4 779
4 283
1 5088
1 7010
4 1293
2 3562
1 9720
6 8118
4 959
1 6029
2 8425
2 5176
3 2584
1 8468
4 805
2 6532
5 4035
1 7031
5 6069
4 327
4 364
1 5420
1 6809
1 528
3 3318
3 5595
1 6872
2 3039
4 520
4 1364
2 8597
2 8198
3 1130
4 900
6 1868
1 3402
1 2306
2 1529
4 760
1 348
1 6036
2 9451
1 679
1 1912
2 9758
6 2202
1 2505
5 3509
5 6723
1 7768
6 703
2 8195
2 3594
4 337
3 5012
1 936
6 3258
1 6095
1 1606
1 7436
2 9100
1 2466
2 1743
1 6756
6 2100
5 6430
2 6561
1 3279
2 325
2 5898
1 6401
6 1868
2 7994
4 967
1 2680
3 7390
1 2806
2 350
2 6666
2 4891
4 707
2 8770
1 8380
3 7439
3 6620
4 1167
2 6215
2 2490
2 8088
3 2125
4 1136
1 5403
5 9807
1 8676
4 917
1 3297
5 2323
6 9208
2 1078
1 9264
4 1204
6 2971
2 3053
1 740
1 7332
4 250
1 4787
2 7436
6 2492
1 3737
2 783
6 3989
2 557
2 9171
1 4216
1 6508
1 9962
1 8426
1 6409
1 7160
1 3031
4 627
1 4982
1 9391
6 1961
1 4773
2 4274
5 7830
1 9050
4 1263
1 2545
2 2368
4 1474
1 9558
1 5816
3 4837
2 4366
2 6110
4 511
1 7489
2 9634
5 570
1 7568
2 1942
2 4588
5 8315
2 5140
1 1372
2 3738
4 543
1 3688
6 5536
1 1085
3 8744
4 1471
3 1986
3 5619
1 596
6 2491
2 6016
2 9391
5 2036
4 1165
1 6617
4 845
1 5778
5 6953
1 9694
3 9485
1 8876
1 3502
3 4071
4 579
3 140
1 5794
6 2992
2 7050
1 424
5 5906
1 3289
5 3697
3 7499
3 2213
1 4011
1 8150
1 7398
1 1412
4 116
1 6460
4 312
1 4775
5 6522
6 8851
3 2680
6 6592
4 354
1 7715
4 1430
3 7502
1 7372
5 5762
1 5327
1 2045
2 6036
4 1130
1 6081
6 99
1 9026
1 2543
1 8311
6 8746
4 1225
4 829
6 1650
1 9773
2 6376
4 1010
3 5051
5 6932
2 936
1 3840
1 5967
3 6174
2 6843
1 6292
2 322
1 1027
1 3556
1 2201
6 9922
6 1551
1 6378
3 4217
1 92
1 839
1 1011
5 1420
6 3210
2 1996
6 3951
6 4113
1 8664
5 4338
5 2421
2 4097
1 7910
1 5123
1 9392
4 126
6 6081
4 41
4 1460
1 6137
4 1000
2 7346
1 4803
1 7365
2 6624
1 8636
1 4164
6 7270
6 7989
4 1447
2 4049
1 9271
1 1796
6 1107
1 7511
1 7378
1 1536
1 2070
1 154
1 9674
2 1954
2 5274
3 3079
4 216
4 335
2 32
1 924
6 2347
6 6744
1 1601
3 3996
2 1624
1 5237
4 627
3 3151
1 5424
5 2210
2 4885
3 2916
1 7390
2 5357
4 966
2 5877
6 6069
6 5237
1 5711
2 68
1 784
3 1912
2 450
3 3780
5 1130
6 2410
5 1535
1 7931
2 6953
5 1632
2 528
2 7398
2 4766
2 4008
6 4569
1 1319
1 2813
3 294
1 3082
1 4301
6 7458
1 450
1 7111
2 2483
1 1997
6 1130
1 4052
6 7653
2 6511
2 3911
6 2947
1 8750
5 7443
4 289
6 3959
5 5934
6 1286
1 6027
2 9939
5 3664
2 7139
1 5264
1 7235
4 303
1 6441
2 6113
1 5139
3 1724
3 4443
6 1404
1 4974
1 8767
6 4819
3 1942
1 74
1 4097
3 6124
1 9142
6 2080
4 747
2 784
5 9976
4 279
2 521
2 8533
4 1212
1 8374
1 5439
1 9426
1 551
4 837
5 1194
2 2536
1 2203
4 1516
6 6872
1 7724
3 259
5 6445
2 3301
1 4631
1 3066
5 7653
1 3482
2 6801
6 2347
2 3042
1 3988
1 5988
1 849
1 2709
2 5553
6 4349
4 1407
2 6864
2 8106
1 1035
1 7309
5 250
5 9924
2 7378
2 5203
4 659
2 5361
1 5764
1 2445
1 3236
1 2304
4 1492
2 6209
1 8756
6 1184
4 582
6 1773
3 7957
2 5854
3 821
1 2117
2 9360
2 7694
1 7740
6 7685
2 9614
4 599
1 3522
1 5436
4 358
6 5693
1 9343
2 3509
5 2837
1 3502
2 5924
1 8022
2 5043
2 1319
1 8511
1 6197
3 1919
5 7300
5 9670
6 5426
5 6047
1 723
2 3032
5 6378
1 1511
6 6475
4 1267
1 2684
3 1211
6 7332
1 7233
4 1491
1 356
2 5202
1 4812
3 3587
6 1831
1 7364
6 3458
1 8875
5 9089
5 6324
1 672
4 808
1 1433
2 5595
2 5952
4 612
4 827
1 46
1 8764
2 9311
1 1652
6 8380
2 1728
1 3572
2 8867
4 44
2 2785
4 564
1 6954
1 8409
1 3732
1 2840
1 9240
2 5132
1 488
2 5474
1 2957
1 8633
1 4776
1 2864
1 9744
4 596
4 1538
1 9680
4 624
3 6382
1 5965
1 2442
2 1601
3 1942
1 2805
2 9296
1 4357
3 9343
1 5406
4 1232
5 6475
3 5420
1 8762
3 9513
1 8943
4 458
3 3368
1 3949
2 8944
1 7226
6 1511
1 436
5 2606
2 2445
1 989
2 8257
4 750
4 732
6 4708
1 7193
1 4795
2 9132
6 4037
2 4401
6 9326
1 1871
4 1459
2 669
1 2754
1 901
4 698
6 9680
1 845
4 659
1 3330
1 4654
6 8958
1 9169
4 1353
5 7411
3 2806
1 2095
6 3758
4 1021
5 9489
1 7665
1 3320
1 5494
1 2539
6 8699
6 6723
1 2564
3 151
1 2508
1 4002
2 3570
1 4787
1 112
1 7548
5 6354
1 8939
2 8998
1 4379
2 5579
6 4474
2 800
5 8106
2 2095
2 5139
1 1391
2 1441
4 859
2 4037
1 4085
1 6038
5 6791
1 1673
6 9654
1 6296
1 3271
4 258
2 4705
1 879
1 8146
5 1033
1 6749
1 5152
1 163
4 69
1 6242
6 7235
2 5897
2 9891
6 4569
3 5314
3 6502
1 1055
1 7862
2 4477
2 1678
2 1606
4 79
2 4554
1 5732
5 9933
3 1959
2 1214
5 163
1 1455
1 7883
5 2345
1 8231
6 7335
1 440
2 6837
1 2291
1 7170
1 5195
1 2909
4 1261
2 112
1 8516
1 3001
1 6168
2 9174
1 6689
6 7392
5 4657
1 3647
6 7603
3 134
1 9640
1 7736
2 4654
4 1426
6 74
3 8177
1 5794
2 1378
2 7109
5 5144
4 783
2 5694
1 2981
5 2410
3 3164
1 9921
3 3905
4 465
1 5781
1 2599
6 9256
1 4680
1 7559
1 8105
5 2859
3 8281
2 173
1 9426
1 9618
6 9558
1 5870
1 3489
2 1500
5 954
6 3248
6 9763
2 9604
1 3355
3 9558
1 6019
1 453
1 5214
6 2657
1 4699
2 9680
2 9598
6 213
3 7273
3 8796
1 4264
1 8444
5 5088
2 1710
1 2280
5 5867
1 3548
1 8228
6 9351
6 1604
1 7226
1 2634
4 339
5 7883
3 2657
4 368
5 5355
5 1035
1 6407
2 5436
5 8472
2 5891
2 703
1 5650
2 6620
6 6679
3 1422
5 9228
2 1724
1 9738
6 1790
1 9380
1 8361
3 155
6 9392
6 3506
5 4593
1 512
3 5080
4 1559
4 960
6 7075
2 7010
1 8081
2 2634
1 4856
4 13
6 4548
2 9026
5 7028
1 8039
1 7082
1 3780
3 3809
6 1372
2 2421
2 2213
3 3162
3 1665
6 2437
2 8967
1 2220
1 5459
1 9696
1 3021
3 6669
1 54
5 5941
4 1010
4 281
1 1750
5 9016
1 9890
4 974
2 2819
6 2684
1 4493
5 9259
2 8221
2 9257
1 7019
5 9167
2 7011
1 9108
4 924
5 3164
1 9022
5 6164
5 1286
5 4477
1 4032
5 5867
5 5410
6 5708
2 7867
1 3005
1 2869
1 8365
2 7309
1 5320
3 5597
5 8444
5 2854
6 4624
1 8731
1 4459
4 915
1 1386
2 2599
2 4055
4 729
2 6251
1 897
2 2793
2 4521
1 2965
5 6459
6 3664
3 140
5 9305
6 9687
1 905
2 319
1 88
4 449
1 6825
2 1420
2 2601
1 8305
1 3190
6 1130
2 723
1 9592
5 4209
2 9351
1 9053
3 725
4 724
1 5618
3 7090
1 3658
1 5656
4 1378
5 4428
2 1535
6 8527
6 4985
1 1596
1 2082
3 5867
6 7872
2 6473
1 8142
1 9921
1 7701
1 3517
2 6446
6 1386
4 386
4 941
4 318
6 3175
1 2817
2 9330
6 9191
1 3591
1 2465
2 2815
1 6210
1 5059
1 4118
3 2854
1 200
2 4443
6 3448
4 757
1 9655
2 897
1 2304
1 1002
1 5713
2 9550
2 7458
1 2898
4 957
1 9933
5 458
1 2
1 2461
1 6921
2 8734
1 5574
4 659
6 2238
1 9626
5 7331
2 4215
3 5402
4 190
5 9807
1 3199
2 4569
1 6672
5 1039
6 3996
1 6745
3 7258
5 4085
1 1192
2 3132
1 7236
1 607
6 1433
1 1023
6 8287
6 740
2 1919
2 7329
1 8737
2 6445
4 232
1 7382
2 6671
1 6063
1 8121
5 1754
2 2055
3 1192
5 9092
2 3460
1 8956
1 7511
4 1042
4 839
1 1407
4 1482
6 3918
2 294
5 9050
4 824
1 1708
4 288
2 3425
3 5950
1 5669
3 7747
1 7771
1 7301
3 4761
3 3005
6 8593
1 5863
5 8837
2 140
1 8540
2 8201
1 9539
4 316
2 3615
1 5874
1 4481
1 1615
4 1595
3 8990
1 5915
2 5399
3 6744
1 2777
1 9503
4 1107
1 1363
6 3711
2 6932
2 3903
2 2491
5 1496
5 8105
3 824
1 5823
2 169
5 3458
1 4191
5 1380
2 3554
1 3287
1 3578
1 6874
3 5863
6 8231
1 5570
1 1608
2 4294
5 1986
6 134
2 7798
4 684
4 1497
3 7717
1 9775
5 5012
2 2993
1 6234
5 2505
2 5355
1 5295
4 679
1 4738
1 3748
4 1561
3 1055
2 7584
1 260
1 7121
4 448
2 3210
2 6074
1 9679
2 1270
1 6481
3 1950
1 1506
2 7270
3 3868
1 6283
3 8669
3 8737
1 3375
1 3440
1 4262
2 5237
6 2798
3 6210
1 7063
1 1282
2 2505
1 8028
4 86
1 2683
2 92
4 1219
2 5216
2 3368
6 1582
5 3959
6 6892
4 1189
1 7563
2 6063
6 2545
2 6423
2 7568
2 3320
1 7463
1 3049
1 2421
2 7420
1 2872
1 7869
4 564
1 2665
2 6651
1 2761
2 5953
5 731
5 4220
1 8721
5 8851
1 7013
2 8510
5 1029
1 6629
5 9558
1 5305
1 2515
4 1047
4 481
6 1422
4 52
2 8380
1 6257
1 9534
1 9400
1 4541
1 5936
1 672
1 9816
6 1536
2 3667
5 5930
6 6634
1 3194
6 1011
1 9343
6 5708
5 571
4 960
6 7082
2 5874
1 2680
5 6260
1 7671
3 4103
6 8468
3 4067
2 6582
3 6698
1 5089
1 6265
3 8633
6 1933
3 3984
1 9132
2 4544
1 2873
6 6791
2 2728
1 9740
2 461
5 6069
2 7655
1 6456
1 1444
1 3793
5 5936
6 7031
2 6663
1 1218
4 487
2 8315
4 1528
5 5930
3 1002
1 322
4 1113
5 9208
2 4761
1 681
1 6243
2 5935
1 5536
6 1946
3 1023
1 9866
3 2812
5 732
4 254
1 5231
3 3489
6 570
6 2711
4 777
2 7545
2 9026
1 2129
1 2427
6 1942
6 1192
2 9933
6 5693
1 652
6 6745
1 1140
1 9355
5 5751
3 9426
1 7975
2 8452
1 9186
1 3100
1 9459
1 3180
1 4930
1 742
2 3247
2 8405
5 2916
2 4728
3 7251
6 5936
3 8851
1 9423
2 6354
2 9552
1 1949
6 3005
5 2593
4 1298
3 6723
6 590
3 1781
2 5584
3 7236
1 7277
6 7342
6 3909
4 1215
1 7904
6 2684
4 1636
2 6592
2 472
5 6296
1 3708
1 9694
2 8022
1 9625
6 570
1 2116
1 3976
3 3471
1 88
1 9119
2 7511
1 143
1 6021
5 4968
1 8466
1 940
6 6441
6 7031
1 9357
1 7168
3 4032
4 615
2 6996
2 6433
6 5098
2 1071
1 5269
4 193
2 6630
2 839
1 8458
1 6103
2 9763
1 229
3 3799
5 8221
1 8252
5 1949
1 2558
5 8423
5 8837
1 3970
2 721
3 1538
4 666
5 4332
2 7235
1 6362
5 9489
2 1363
4 1252
1 8949
3 4332
4 878
2 8726
2 4379
6 764
1 3068
2 6589
5 5406
2 8106
2 8581
3 7392
1 3177
1 608
2 9534
5 1365
1 7036
6 2606
2 3955
2 4612
2 6021
3 6380
1 8823
4 799
5 147
2 5570
1 9975
4 280
2 3996
6 2117
5 1994
1 3810
1 2192
2 2280
1 5729
1 8217
1 945
3 4835
4 1631
5 312
6 9240
2 8543
5 6431
1 566
3 6470
1 1381
4 831
5 6698
1 8405
1 7583
3 3572
3 9030
2 6868
2 300
3 845
1 4817
4 644
1 1676
2 474
3 6081
6 1190
3 7129
1 6923
4 1398
1 4511
4 872
6 7740
1 1906
3 7603
1 6693
2 7613
1 2394
3 5107
2 2558
2 2822
3 1027
1 2609
4 1065
4 97
2 3352
2 2063
1 5312
1 1426
4 1218
1 1439
5 260
3 5778
2 260
6 1119
5 758
3 1780
2 4335
5 5618
4 1027
1 1043
4 1606
2 3100
2 3194
6 3098
1 906
3 1027
5 4007
1 6196
5 54
5 1962
1 3205
1 3574
2 9392
4 1134
6 5424
1 27
2 1365
1 2580
6 2347
1 8130
1 8272
2 1850
1 3950
2 450
1 5056
5 9513
1 9610
2 9642
5 9423
1 1322
2 3578
3 664
4 767
1 6554
5 901
4 1052
3 5711
5 3506
6 2187
1 5894
2 8666
5 9340
3 5823
3 8328
1 9289
3 2597
5 1165
1 2343
1 9021
1 3994
4 33
1 432
1 6483
5 9240
1 9465
2 3667
6 8746
2 9021
1 7885
1 2957
1 1203
4 1693
1 2336
1 211
6 9221
1 2231
4 45
1 6673
3 2683
1 9160
3 8511
6 4220
3 105
1 2077
5 1946
6 905
2 3188
3 6506
1 7015
4 754
1 8213
1 133
2 348
5 2488
1 3527
5 6255
5 1470
2 479
1 3101
4 1285
